105926.8498
100454.3081
95541.82722
91023.81558
86466.87358
82003.51817
77745.96799
73744.42856
70252.79221
67315.83414
64724.55838
62419.95582
60336.36328
58401.61547
56602.2685
54909.04088
53360.32614
51981.67265
50675.05003
49372.99932
48184.28416
47125.55268
46166.82657
45282.08235
44452.99134
43668.9121
42923.28011
42209.21676
41518.87216
40849.24482
40198.2725
39559.48555
38937.96972
38361.21051
37831.59527
37334.91919
36862.30023
36407.9082
35966.85306
35534.78445
35106.89675
34669.7602
34220.97511
33809.66229
33429.82652
33065.99309
32712.25639
32366.29209
32026.8469
31690.79074
31348.4044
30988.78503
30629.89894
30299.7153
29993.8046
29702.59205
29422.08347
29150.52563
28886.58927
28628.98011
28376.71555
28129.56631
27888.1307
27652.9519
27423.61496
27199.0737
26978.84231
26763.78031
26554.62301
26351.14786
26152.68094
25958.32612
25766.97447
25577.76676
25391.81527
25213.06876
25044.25235
24884.48883
24732.17647
24586.53848
24446.94243
24312.66218
24183.10946
24057.83275
23936.45627
23818.64788
23704.10841
23592.5661
23483.77692
23377.54546
23273.71217
23172.11352
23072.59267
22975.00597
22879.22566
22785.14195
22692.66611
22601.72855
22512.27509
22424.2614
22337.64872
22252.40141
22168.48524
22085.86795
22004.52299
21924.427
21845.5487
21767.84301
21691.25659
21615.72263
21541.16324
21467.49832
21394.6533
21322.56895
21251.20754
21180.55834
21110.64103
21041.49857
20973.16849
20905.66964
20839.01865
20773.23789
20708.34761
20644.36174
20581.2819
20519.09
20457.73807
20397.13174
20337.09571
20277.29403
20217.1708
20156.90022
20098.09877
20040.90721
19984.81324
19929.71424
19875.62967
19822.57697
19770.54808
19719.50885
19669.40775
19620.18638
19571.78613
19524.15158
19477.23172
19430.98037
19385.35594
19340.3213
19295.84365
19251.89488
19208.45193
19165.49713
19123.0181
19081.00705
19039.45959
18998.37317
18957.7449
18917.56959
18877.83822
18838.53615
18799.64089
18761.14431
18723.05358
18685.3547
18648.03239
18611.07399
18574.46811
18538.20399
18502.27115
18466.6591
18431.35729
18396.35499
18361.64155
18327.20711
18293.04368
18259.14489
18225.50293
18192.10602
18158.93758
18125.97455
18093.18229
18060.50474
18027.8524
17995.11722
17962.28659
17929.55902
17897.11099
17864.88657
17832.77619
17800.75628
17768.89065
17737.28144
17706.00656
17675.09053
17644.51231
17614.22543
17584.17634
17554.31932
17524.63312
17495.13142
17454.98151
17395.33146
17343.33171
17296.37767
17252.08753
17209.01856
17166.45638
17123.91543
17081.60567
17039.81102
16998.36557
16957.15808
16916.21661
16875.76251
16836.10494
16797.41014
16759.66722
16722.7734
16686.60963
16651.06799
16616.05141
16581.47323
16547.26204
16513.36575
16479.75779
16446.44026
16413.4355
16380.76471
16348.43285
16316.43356
16284.75936
16253.40401
16222.35858
16191.60908
16161.139
16130.93887
16100.99718
16071.30054
16041.85251
16012.683
15983.83409
15955.34358
15927.24451
15899.54076
15872.20879
15845.21952
15818.54345
15792.1496
15766.00539
15740.0913
15714.42039
15688.99893
15663.81334
15638.85265
15614.10087
15589.53669
15565.14542
15540.91536
15516.84876
15492.95073
15469.21716
15445.64333
15422.22078
15398.94105
15375.79544
15352.77543
15329.87324
15307.08279
15284.40007
15261.82535
15239.36147
15217.00791
15194.76227
15172.62241
15150.58563
15128.64942
15106.81144
15085.06791
15063.41443
15041.84634
15020.35852
14998.94534
14977.60119
14956.32253
14935.10972
14913.96447
14892.88751
14871.87946
14850.94418
14830.0892
14809.32169
14788.64985
14768.08401
14747.63414
14727.30894
14707.11461
14687.05451
14667.12952
14647.33777
14627.67469
14608.13279
14588.70046
14569.36119
14550.09586
14530.89406
14511.76495
14492.7294
14473.79857
14454.98405
14436.29392
14417.72104
14399.25416
14380.884
14362.60308
14344.40406
14326.27931
14308.22587
14290.25267
14272.36847
14254.57199
14236.85846
14219.22415
14201.66652
14184.18391
14166.77533
14149.43892
14132.17224
14114.97036
14097.82516
14080.71448
14063.59239
14046.44038
14029.35197
14012.3803
13995.49315
13978.64846
13961.80893
13944.93845
13928.00334
13910.98388
13893.8907
13876.76387
13859.65048
13842.58273
13825.57385
13808.62242
13791.71645
13774.83698
13757.96043
13741.06104
13724.11598
13707.11618
13690.08352
13673.08502
13656.22317
13639.59216
13623.23152
13607.1205
13591.20235
13575.40914
13559.67679
13543.9553
13528.22845
13512.536
13496.97409
13481.63488
13466.5409
13451.6525
13436.91496
13422.28532
13407.74011
13393.27322
13378.88211
13364.56071
13350.30422
13336.10858
13321.96916
13307.88143
13293.84053
13279.84173
13265.88079
13251.95388
13238.0574
13224.18787
13210.34183
13196.51582
13182.70652
13168.91076
13155.12601
13141.35049
13127.58207
13113.81925
13100.06153
13086.31018
13072.5681
13058.83739
13045.11932
13031.41523
13017.72661
13004.0549
12990.19183
12976.00787
12961.96343
12948.01406
12934.1344
12920.30445
12906.51083
12892.74385
12878.99476
12865.25401
12851.51002
12837.74823
12823.95182
12810.10821
12796.20497
12782.2218
12768.13298
12753.90875
12739.51726
12724.92801
12710.11711
12695.07291
12679.79916
12664.31341
12648.64978
12632.84506
12616.94065
12600.9954
12585.07263
12569.23444
12553.54732
12538.07955
12522.88977
12508.01955
12493.49495
12479.32286
12465.49189
12451.98043
12438.7617
12425.8078
12413.09029
12400.58418
12388.26907
12376.12571
12364.13299
12352.27078
12340.52444
12328.88498
12317.34593
12305.90177
12294.54696
12283.27568
12272.08228
12260.96138
12249.90799
12238.91725
12227.98428
12217.10781
12206.28982
12195.5305
12184.82625
12174.17392
12163.57143
12153.01712
12142.50958
12132.0476
12121.63013
12111.25627
12100.92511
12090.63572
12080.38721
12070.17887
12060.01018
12049.88101
12039.79161
12029.74255
12019.73433
12009.76668
11999.83789
11989.94467
11980.08444
11970.26107
11960.48069
11950.74228
11941.04112
11931.37147
11921.72417
11912.0826
11902.41592
11892.66555
11882.72011
11872.38458
11861.42252
11849.88387
11838.45614
11827.77966
11817.78772
11808.17485
11798.75229
11789.44011
11780.20811
11771.04388
11761.94048
11752.89336
11743.89991
11734.95848
11726.0672
11717.22427
11708.42814
11699.678
11690.974
11682.31607
11673.70349
11665.13555
11656.61161
11648.13075
11639.69189
11631.29404
11622.93657
11614.6192
11606.34166
11598.10448
11589.90881
11581.75534
11573.64462
11565.57919
11557.56279
11549.59571
11541.67598
11533.80275
11525.97588
11518.19358
11510.45398
11502.75553
11495.09694
11487.4771
11479.89489
11472.3493
11464.83947
11457.36467
11449.92421
11442.51729
11435.14278
11427.79907
11420.48371
11413.19313
11405.92237
11398.66618
11391.42295
11384.19942
11377.00841
11369.85992
11362.75687
11355.69731
11348.67773
11341.69406
11334.74281
11327.82052
11320.92372
11314.04887
11307.19238
11300.35028
11293.51759
11286.68905
11279.86491
11273.05773
11266.28335
11259.54795
11252.84963
11246.18355
11239.54433
11232.92615
11226.3214
11219.71936
11213.10605
11206.46708
11199.79855
11193.12356
11186.48815
11179.92457
11173.43119
11166.98913
11160.58026
11154.19166
11147.81414
11141.44021
11135.063
11128.67613
11122.27503
11115.85919
11109.43103
11103.00271
11096.58758
11090.18583
11083.78754
11077.38417
11070.96971
11064.53905
11058.08719
11051.60874
11045.08601
11038.49615
11031.86204
11025.16068
11018.37355
11011.50274
11004.5596
10997.53379
10990.40351
10983.14522
10975.73404
10968.14261
10960.34026
10952.29195
10943.95683
10935.28574
10926.21395
10916.63712
10906.33327
10894.79189
10881.38166
10866.27173
10850.17955
10834.0072
10818.38932
10803.40252
10788.87747
10774.6366
10760.54392
10746.49627
10732.41531
10718.2461
10703.95544
10689.52746
10674.95877
10660.2523
10645.40852
10630.42147
10615.28913
10600.0249
10584.64524
10569.16326
10553.60725
10538.01238
10522.39605
10506.75697
10491.08383
10475.35895
10459.55536
10443.63505
10427.57013
10411.39349
10395.22145
10379.21399
10363.53422
10348.32764
10333.70394
10319.72625
10306.41393
10293.75421
10281.71493
10270.25369
10259.32305
10248.87374
10238.85698
10229.22645
10219.93967
10210.95837
10202.24848
10193.7799
10185.52631
10177.46511
10169.57764
10161.84941
10154.27046
10146.83536
10139.54273
10132.39389
10125.39125
10118.53651
10111.82959
10105.26815
10098.84796
10092.56351
10086.40883
10080.37859
10074.46846
10068.67167
10062.98731
10057.41373
10051.944
10046.57079
10041.28822
10036.09154
10030.97682
10025.9404
10020.97846
10016.08724
10011.26342
10006.50467
10001.80966
9997.177192
9992.605313
9988.091447
9983.632681
9979.225977
9974.868215
9970.556239
9966.287206
9962.059337
9957.872246
9953.726064
9949.620357
9945.553982
9941.525408
9937.532957
9933.5749
9929.649512
9925.755088
9921.889899
9918.052112
9914.239904
9910.451518
9906.685045
9902.938669
9899.210866
9895.500565
9891.80733
9888.131509
9884.474301
9880.837664
9877.224028
9873.635872
9870.075298
9866.543747
9863.041923
9859.569781
9856.126669
9852.711574
9849.323319
9845.960711
9842.622598
9839.307949
9836.015826
9832.745368
9829.495816
9826.266517
9823.056895
9819.866411
9816.694562
9813.540884
9810.404935
9807.286277
9804.184477
9801.099104
9798.029728
9794.975911
9791.937207
9788.913176
9785.903422
9782.907644
9779.925668
9776.957393
9774.002067
9771.059045
9768.133826
9765.223393
9762.328492
9759.448552
9756.582841
9753.730713
9750.891529
9748.064649
9745.249329
9742.444534
9739.648589
9736.858687
9734.07146
9731.287623
9728.513509
9725.7522
9723.002726
9720.264062
9717.536131
9714.817101
9712.106839
9709.416772
9706.743337
9704.082052
9701.431587
9698.790523
9696.157266
9693.532706
9690.918511
9688.31501
9685.722217
9683.139727
9680.566979
9678.003401
9675.448494
9672.909899
9670.37219
9667.842619
9665.319228
9662.80384
9660.296777
9657.798066
9655.307723
9652.825786
9650.352246
9647.886863
9645.429296
9642.979216
9640.536252
9638.099955
9635.669822
9633.245277
9630.8256
9628.409989
9625.997561
9623.587804
9621.181153
9618.779179
9616.384125
9613.998012
9611.621983
9609.256285
9606.900607
9604.55442
9602.217173
9599.888365
9597.567552
9595.254338
9592.948373
9590.649354
9588.357026
9586.071216
9583.791797
9581.518579
9579.251275
9576.989498
9574.73282
9572.480828
9570.233228
9567.989902
9565.750664
9563.514931
9561.281622
9559.049191
9556.815579
9554.578038
9552.332858
9550.075066
9547.798212
9545.494618
9543.15677
9540.780668
9538.37118
9535.946399
9533.534784
9531.163428
9528.846557
9526.583918
9524.367068
9522.185912
9520.031948
9517.898882
9515.782247
9513.678924
9511.586757
9509.50433
9507.430724
9505.365186
9503.30708
9501.255921
9499.21134
9497.173051
9495.140824
9493.114472
9491.093839
9489.078793
9487.069219
9485.065016
9483.066106
9481.072438
9479.083961
9477.100589
9475.122206
9473.148811
9471.180531
9469.217332
9467.259129
9465.305862
9463.35748
9461.413939
9459.475197
9457.541209
9455.611931
9453.68731
9451.767269
9449.851718
9447.94066
9446.034142
9444.132168
9442.234723
9440.341768
9438.453263
9436.569174
9434.689472
9432.814132
9430.943124
9429.076414
9427.213962
9425.355729
9423.501686
9421.651794
9419.805998
9417.964239
9416.126464
9414.292614
9412.46257
9410.636152
9408.813105
9406.993119
9405.175947
9403.361693
9401.550939
9399.744269
9397.941757
9396.143075
9394.347922
9392.556286
9390.768304
9388.983954
9387.202995
9385.424786
9383.647967
9381.872502
9380.101457
9378.33507
9376.572358
9374.812942
9373.057055
9371.30519
9369.557659
9367.81443
9366.075256
9364.339831
9362.607861
9360.879065
9359.153128
9357.429625
9355.707892
9353.986969
9352.265904
9350.544797
9348.825403
9347.109679
9345.398333
9343.690907
9341.986543
9340.284539
9338.584432
9336.885942
9335.188911
9333.493285
9331.799107
9330.106513
9328.41574
9326.72712
9325.041071
9323.358074
9321.67864
9320.003265
9318.332395
9316.666385
9315.005481
9313.349812
9311.699386
9310.054113
9308.413844
9306.778426
9305.147751
9303.521696
9301.900016
9300.282286
9298.667845
9297.055578
9295.443268
9293.825407
9292.195124
9290.572678
9288.966645
9287.370283
9285.779572
9284.192845
9282.609237
9281.028047
9279.448386
9277.868773
9276.27216
9274.683776
9273.090301
9271.490257
9269.893631
9268.299876
9266.712238
9265.137108
9263.573937
9262.018324
9260.468163
9258.922511
9257.380895
9255.843015
9254.308599
9252.777396
9251.249313
9249.724531
9248.203367
9246.685955
9245.172246
9243.662132
9242.155508
9240.65214
9239.151773
9237.654157
9236.158976
9234.665822
9233.174409
9231.684978
9230.198021
9228.713642
9227.231984
9225.753111
9224.277444
9222.805948
9221.338217
9219.87352
9218.411383
9216.951681
9215.494644
9214.040591
9212.589649
9211.14178
9209.696924
9208.25507
9206.816259
9205.380503
9203.94775
9202.517914
9201.090906
9199.666655
9198.245112
9196.826255
9195.410058
9193.996493
9192.585539
9191.177175
9189.771378
9188.368171
9186.96749
9185.569307
9184.173647
9182.780518
9181.389897
9180.001737
9178.616043
9177.232875
9175.85226
9174.47419
9173.09864
9171.72558
9170.354985
9168.986834
9167.621109
9166.257793
9164.896868
9163.538317
9162.18212
9160.828252
9159.476683
9158.127374
9156.780286
9155.435413
9154.092818
9152.752583
9151.414727
9150.079223
9148.746034
9147.415132
9146.086497
9144.760112
9143.435962
9142.114035
9140.794318
9139.476795
9138.161452
9136.848272
9135.53724
9134.22834
9132.92156
9131.616891
9130.314324
9129.013847
9127.715433
9126.419033
9125.124574
9123.831949
9122.54103
9121.251702
9119.963971
9118.678051
9117.394293
9116.112946
9114.834056
9113.557557
9112.283374
9111.01145
9109.74175
9108.474245
9107.208913
9105.945733
9104.684684
9103.425745
9102.168894
9100.914113
9099.661381
9098.41068
9097.161989
9095.915289
9094.670559
9093.427782
9092.186938
9090.948009
9089.710977
9088.475815
9087.242489
9086.010959
9084.781186
9083.553138
9082.326808
9081.102216
9079.879412
9078.658451
9077.439371
9076.222169
9075.006801
9073.79318
9072.581197
9071.370734
9070.161647
9068.953757
9067.746914
9066.541108
9065.336578
9064.133772
9062.933146
9061.734941
9060.539129
9059.345523
9058.153889
9056.964015
9055.775721
9054.58885
9053.40326
9052.218814
9051.03538
9049.852829
9048.671057
9047.489993
9046.309622
9045.130002
9043.95128
9042.773692
9041.597526
9040.423012
9039.250243
9038.079193
9036.909782
9035.741867
9034.575319
9033.410398
9032.247337
9031.085541
9029.923852
9028.764732
9027.609684
9026.45811
9025.310626
9024.165511
9023.021087
9021.877403
9020.736614
9019.599144
9018.464397
9017.332127
9016.20201
9015.073825
9013.947433
9012.822711
9011.660856
9010.496404
9009.339514
9008.183637
9007.02766
9005.872339
9004.719159
9003.569748
9002.425364
9001.286649
9000.153308
8999.02465
8997.900086
8996.779163
8995.661556
8994.547005
8993.435274
8992.326159
8991.219482
8990.115091
8989.012873
8987.912711
8986.814475
8985.718063
8984.623496
8983.530924
8982.44046
8981.352095
8980.265747
8979.181342
8978.098832
8977.018181
8975.939351
8974.862321
8973.787082
8972.713599
8971.641837
8970.571764
8969.503346
8968.436542
8967.371296
8966.30751
8965.244988
8964.183363
8963.1222
8962.061036
8960.999675
8959.938501
8958.878204
8957.819443
8956.762844
8955.708824
8954.657421
8953.608443
8952.561682
8951.516975
8950.474204
8949.433279
8948.394121
8947.356641
8946.320747
8945.286462
8944.253892
8943.223015
8942.193769
8941.166114
8940.140023
8939.115479
8938.092468
8937.070978
8936.050995
8935.032508
8934.015505
8932.999974
8931.985902
8930.973278
8929.962089
8928.952324
8927.943972
8926.937027
8925.931486
8924.927345
8923.924599
8922.923239
8921.923258
8920.924647
8919.927397
8918.9315
8917.936951
8916.943739
8915.951852
8914.961275
8913.971992
8912.983976
8911.997177
8911.011486
8910.026671
8909.042355
8908.058221
8907.074396
8906.091322
8905.109437
8904.129164
8903.15071
8902.174001
8901.1989
8900.225311
8899.253175
8898.282475
8897.313219
8896.345388
8895.37894
8894.413857
8893.450146
8892.487783
8891.526728
8890.566946
8889.608405
8888.651073
8887.694912
8886.739879
8885.785918
8884.832962
8883.880954
8882.929909
8881.979979
8881.031399
8880.084325
8879.13878
8878.194718
8877.252076
8876.310802
8875.370852
8874.432197
8873.494818
8872.5587
8871.623838
8870.690225
8869.757861
8868.826743
8867.896874
8866.968253
8866.040878
8865.114741
8864.189847
8863.266207
8862.343815
8861.422661
8860.50274
8859.584046
8858.666576
8857.750323
8856.835282
8855.921447
8855.008812
8854.097368
8853.187108
8852.278025
8851.370112
8850.463366
8849.557786
8848.65337
8847.750111
8846.848003
8845.947042
8845.047225
8844.148546
8843.251001
8842.354585
8841.459296
8840.56513
8839.672085
8838.780158
8837.889346
8836.999646
8836.111054
8835.22357
8834.33719
8833.451911
8832.567729
8831.684642
8830.802648
8829.921744
8829.041928
8828.163199
8827.285553
8826.408988
8825.533501
8824.659089
8823.785749
8822.913479
8822.042276
8821.172136
8820.303058
8819.435039
8818.568075
8817.702164
8816.837303
8815.973488
8815.110716
8814.472038
8813.616036
8812.785014
8811.934214
8811.077985
8810.221087
8809.364156
8808.507299
8807.650669
8806.794402
8805.938936
8805.084854
8804.232161
8803.380643
8802.530149
8801.680593
8800.831973
8799.984404
8799.138001
8798.292752
8797.448602
8796.605522
8795.763495
8794.922515
8794.082573
8793.243663
8792.405782
8791.568926
8790.733093
8789.898283
8789.064496
8788.231728
8787.399977
8786.56924
8785.739516
8784.910802
8784.083097
8783.256399
8782.430705
8781.606014
8780.782324
8779.959631
8779.137931
8778.317217
8777.497484
8776.678729
8775.860952
8775.044149
8774.228317
8773.413448
8772.59954
8771.786586
8770.974581
8770.16352
8769.353398
8768.544207
8767.735941
8766.928591
8766.122145
8765.316588
8764.511905
8763.70808
8762.905093
8762.102929
8761.301578
8760.501039
8759.70133
8758.90249
8758.104573
8757.307638
8756.511734
8755.716886
8754.923098
8754.130358
8753.338642
8752.547924
8751.75818
8750.969388
8750.181529
8749.394588
8748.608551
8747.823405
8747.039141
8746.255748
8745.473213
8744.691525
8743.910667
8743.130622
8742.351368
8741.572879
8740.795129
8740.018096
8739.241764
8738.46614
8737.691255
8736.917166
8736.143939
8735.37163
8734.600266
8733.829847
8733.060362
8732.291792
8731.524119
8730.757325
8729.991392
8729.2263
8728.462018
8727.698504
8726.93568
8726.173413
8725.411508
8724.649839
8723.888625
8723.128252
8722.368869
8721.610488
8720.853139
8720.096863
8719.341674
8718.587549
8717.834448
8717.082327
8716.33115
8715.58089
8714.831525
8714.08304
8713.335423
8712.588662
8711.842749
8711.097676
8710.353436
8709.610023
8708.867434
8708.125661
8707.384702
8706.644551
8705.905204
8705.166656
8704.428903
8703.69194
8702.955761
8702.220362
8701.485735
8700.751874
8700.018772
8699.286423
8698.554819
8697.823951
8697.093813
8696.364396
8695.63569
8694.907683
8694.180361
8693.453705
8692.727692
8692.002296
8691.277481
8690.553209
8689.82943
8689.106083
8688.383096
8687.660381
8686.937829
8686.215314
8685.492686
8684.769776
8684.046402
8683.322384
8682.597547
8681.871702
8681.144593
8680.415871
8679.68508
8678.951637
8678.214793
8677.473537
8676.726422
8675.971253
8675.204548
8674.420686
8673.610834
8672.762627
8671.864295
8670.918564
8669.956834
8669.022368
8668.135906
8667.293106
8666.482001
8665.692741
8664.9186
8664.154406
8663.396059
8662.642276
8661.894398
8661.152758
8660.41652
8659.684906
8658.957403
8658.233634
8657.512941
8656.788962
8656.07503
8655.363145
8654.652894
8653.944349
8653.237521
8652.532359
8651.828798
8651.126767
8650.426207
8649.727082
8649.029386
8648.333109
8647.638218
8646.944657
8646.252364
8645.561283
8644.871359
8644.182534
8643.494742
8642.807903
8642.121901
8641.436517
8640.751202
8640.06479
8639.377522
8638.692371
8638.009534
8637.3282
8636.648008
8635.968829
8635.290597
8634.613258
8633.936736
8633.260911
8632.585605
8631.910624
8631.235977
8630.562003
8629.889005
8629.217021
8628.545965
8627.875743
8627.206273
8626.537469
8625.869229
8625.201416
8624.533845
8623.866283
8623.198517
8622.530483
8621.862289
8621.193973
8620.525274
8619.855812
8619.185523
8618.514542
8617.842891
8617.170652
8616.49808
8615.825534
8615.153431
8614.48222
8613.812347
8613.144178
8612.477939
8611.813699
8611.151407
8610.490938
8609.832138
8609.174853
8608.518946
8607.864301
8607.210821
8606.558422
8605.907028
8605.256564
8604.606949
8603.958087
8603.309861
8602.66212
8602.014672
8601.367268
8600.719605
8600.071377
8599.422435
8598.773053
8598.124087
8597.476606
8596.831239
8596.188003
8595.546621
8594.906798
8594.268313
8593.630999
8592.994724
8592.359379
8591.72487
8591.091113
8590.458029
8589.825541
8589.193571
8588.562048
8587.930911
8587.30013
8586.66972
8586.039759
8585.410361
8584.78164
8584.153671
8583.52649
8582.900112
8582.274548
8581.649804
8581.025876
8580.40274
8579.780367
8579.158722
8578.537776
8577.917505
8577.297891
8576.67892
8576.060585
8575.442879
8574.8258
8574.209348
8573.593525
8572.978333
8572.363774
8571.749851
8571.136567
8570.523924
8569.911923
8569.300563
8568.689844
8568.079763
8567.470317
8566.861501
8566.253309
8565.645731
8565.038759
8564.432378
8563.826572
8563.221319
8562.616588
8562.012336
8561.408501
8560.80499
8560.20166
8559.598291
8558.99453
8558.389831
8557.783376
8557.174099
8556.561009
8555.944052
8555.324989
8554.706881
8554.092165
8553.481591
8552.874742
8552.27087
8551.669317
8551.0696
8550.471387
8549.874451
8549.278635
8548.683826
8548.089943
8547.496926
8546.904725
8546.313305
8545.722635
8545.132688
8544.543443
8543.95488
8543.36698
8542.779727
8542.1931
8541.607082
8541.021651
8540.43678
8539.852438
8539.268581
8538.685148
8538.102042
8537.519101
8536.936031
8536.352318
8535.767344
8535.181279
8534.594592
8534.006698
8533.419412
8532.833567
8532.247725
8531.660571
8531.071196
8530.479799
8529.925706
8529.341253
8528.752351
8528.164795
8527.579926
8526.997723
8526.418232
8525.841024
8525.265494
8524.6912
8524.117822
8523.545093
8522.972732
8522.400372
8521.827453
8521.253185
8520.677081
8520.099811
8519.521914
8518.943248
8518.363542
8517.78247
8517.200093
8516.616802
8516.033085
8515.449447
8514.866388
8514.284804
8513.705786
8513.129394
8512.5551
8511.982547
8511.41161
8510.842256
8510.274415
8509.707955
8509.142701
8508.578496
8508.01523
8507.452834
8506.891259
8506.330462
8505.770405
8505.211051
8504.65237
8504.094328
8503.536892
8502.980025
8502.423686
8501.867819
8501.312358
8500.757214
8500.202276
8499.647419
8499.092531
8498.53757
8497.982584
8497.427684
8496.872975
8496.318536
8495.764444
8495.210775
8494.657587
8494.104902
8493.552719
8493.001019
8492.449781
8491.898981
8491.348597
8490.798597
8490.248909
8489.699371
8489.149687
8488.599389
8488.04785
8487.494455
8486.939046
8486.382447
8485.826358
8485.272365
8484.72116
8484.172662
8483.626478
8483.082197
8482.539486
8481.998097
8481.457852
8480.918624
8480.380327
8479.842906
8479.306317
8478.77052
8478.235479
8477.701161
8477.167534
8476.634573
8476.102255
8475.570559
8475.039469
8474.50897
8473.97905
8473.449697
8472.920903
8472.392661
8471.864963
8471.337804
8470.811177
8470.285078
8469.759501
8469.234442
8468.709896
8468.185859
8467.662325
8467.139289
8466.616745
8466.094688
8465.573111
8465.05201
8464.531381
8464.011222
8463.491536
8462.972327
8462.453601
8461.935359
8461.417605
8460.900336
8460.383554
8459.867257
8459.351443
8458.83611
8458.321255
8457.806874
8457.292965
8456.779522
8456.266543
8455.754025
8455.241963
8454.730353
8454.219191
8453.70847
8453.198179
8452.688303
8452.17882
8451.669718
8451.161028
8450.652808
8450.145067
8449.637786
8449.130948
8448.624545
8448.118575
8447.613044
8447.107958
8446.603323
8446.09914
8445.595406
8445.092118
8444.589272
8444.086864
8443.584892
8443.083354
8442.582248
8442.08157
8441.58132
8441.081493
8440.582088
8440.083101
8439.58453
8439.08637
8438.588618
8438.091269
8437.594318
8437.097759
8436.601586
8436.105791
8435.610366
8435.115302
8434.620592
8434.12623
8433.632215
8433.138544
8432.645222
8432.15225
8431.659634
8431.167378
8430.675484
8430.183954
8429.692787
8429.201984
8428.711541
8428.221457
8427.731736
8427.242377
8426.753353
8426.264575
8425.77611
8425.28801
8424.800413
8424.313266
8423.826518
8423.621228
